Year,Jan,Feb,Mar,Apr,May,Jun,Jul,Aug,Sep,Oct,Nov,Dec,Calendar Year (Jan-Dec),DJF,MAM,JJA,SON,Climate Year [1] (Dec-Nov),Climate Year [2] (Nov-Oct),Water Year (Oct-Sep),NDJFM,MJJAS
1895,-2.5,-6.9,-4.7,-0.3,1.9,3.2,-3.2,0.0,2.0,-5.8,0.4,2.5,-1.1,,-1.0,0.0,-1.1,,,,,0.8
1896,-2.1,-0.3,-7.0,2.7,4.1,-0.8,0.2,0.3,-1.6,-3.8,2.7,-2.1,-0.6,0.0,-0.1,-0.1,-0.9,-0.3,-0.5,-0.6,-1.3,0.4
1897,-1.0,1.1,-0.3,0.4,-0.8,-3.5,1.2,-2.0,-1.0,0.7,-1.3,1.1,-0.4,-0.7,-0.2,-1.4,-0.5,-0.7,-0.4,-0.8,0.1,-1.2
1898,0.4,2.3,5.7,-2.6,0.1,0.9,1.4,1.8,2.1,0.8,-1.6,-1.3,0.8,1.3,1.1,1.4,0.4,1.0,1.1,1.1,1.6,1.3
1899,-1.1,-4.4,-3.0,1.0,0.7,1.9,-0.4,0.5,-1.8,1.7,-1.0,1.8,-0.3,-2.3,-0.4,0.7,-0.4,-0.6,-0.7,-0.7,-2.3,0.2
1900,1.3,-1.1,-6.3,0.3,-1.0,1.5,0.8,3.0,3.0,4.9,1.0,-1.2,0.5,0.7,-2.3,1.8,3.0,0.8,0.6,0.3,-1.1,1.5
1901,-0.3,-6.5,-1.5,0.0,-0.4,1.4,2.8,1.3,0.5,-0.5,-5.9,-1.1,-0.9,-2.7,-0.6,1.8,-2.0,-0.9,-0.3,0.2,-1.7,1.1
1902,-1.8,-2.4,4.8,0.5,-0.7,-2.9,-1.6,-2.6,-0.3,-0.2,4.2,-3.4,-0.5,-1.8,1.5,-2.4,1.2,-0.3,-1.2,-1.2,-1.3,-1.6
1903,-0.2,2.0,8.1,0.2,2.0,-4.4,-1.8,-4.6,0.2,0.3,-4.3,-5.5,-0.7,-0.5,3.4,-3.6,-1.3,-0.5,0.2,0.2,2.1,-1.7
1904,-7.7,-7.5,-2.5,-3.3,3.0,-0.4,-1.3,-2.2,-1.7,-3.0,-4.7,-7.8,-3.3,-6.9,-0.9,-1.3,-3.1,-3.1,-3.0,-2.8,-5.5,-0.5
1905,-4.6,-7.3,-0.9,-0.7,0.2,-0.9,0.2,-1.7,-0.6,-0.4,-3.0,1.7,-1.5,-6.6,-0.5,-0.8,-1.3,-2.3,-2.4,-2.6,-5.1,-0.6
1906,6.6,-0.5,-6.6,-0.2,-0.4,0.7,-0.7,2.4,2.2,-0.3,-1.5,-3.2,-0.1,2.6,-2.4,0.8,0.1,0.3,0.2,0.1,-0.4,0.8
1907,-0.9,-7.3,1.0,-4.7,-5.2,-2.8,-0.9,-2.3,0.5,-4.7,-1.9,2.6,-2.2,-3.8,-3.0,-2.0,-2.0,-2.7,-2.7,-2.3,-2.4,-2.1
1908,0.7,-4.1,0.4,-0.9,1.7,1.1,1.6,-1.5,2.1,1.9,-0.8,-1.1,0.1,-0.3,0.4,0.4,1.1,0.4,0.3,-0.2,-0.5,1.0
1909,1.9,3.9,-2.7,-1.2,-1.0,0.6,-2.6,-1.4,-1.1,-2.8,3.0,-2.8,-0.5,1.6,-1.6,-1.1,-0.3,-0.4,-0.7,-0.3,0.2,-1.1
1910,1.2,-1.9,5.5,4.2,-1.6,-2.3,0.6,-1.2,0.2,1.3,-3.6,-6.8,-0.4,-1.2,2.7,-1.0,-0.7,-0.0,0.5,0.2,1.0,-0.9
1911,2.2,-1.1,-3.9,-2.6,6.0,-0.3,2.3,0.4,-0.7,-1.3,-3.4,5.3,0.2,-1.9,-0.2,0.8,-1.8,-0.8,-0.8,-0.6,-2.6,1.5
1912,-8.9,-3.9,-4.6,-0.3,1.2,-2.5,-0.5,-3.5,0.1,1.4,0.8,3.8,-1.4,-2.5,-1.2,-2.2,0.8,-1.3,-1.6,-1.9,-3.1,-1.0
1913,8.9,-2.3,3.6,2.0,-1.6,-0.8,-0.3,-0.4,-1.6,3.2,2.3,3.3,1.4,3.5,1.3,-0.5,1.3,1.4,1.3,1.1,3.0,-0.9
1914,-0.5,-8.0,-2.7,-3.0,1.9,-1.1,-2.0,-0.1,-1.4,2.9,-2.4,-3.4,-1.6,-1.7,-1.3,-1.1,-0.3,-1.1,-0.7,-0.7,-1.1,-0.5
1915,1.8,4.2,-4.0,4.3,-3.2,-1.9,-1.7,-1.8,2.5,1.1,0.3,-0.5,0.1,0.9,-1.0,-1.8,1.3,-0.1,-0.4,-0.2,-0.8,-1.2
1916,4.7,-3.6,-8.1,-0.6,0.5,-3.7,1.9,1.6,-0.3,0.0,-1.7,-1.0,-0.9,0.2,-2.7,-0.1,-0.7,-0.8,-0.7,-0.6,-1.4,-0.0
1917,-0.5,-4.7,-1.1,-1.5,-7.1,-1.2,0.4,1.3,-3.6,-4.4,-5.2,-10.4,-3.2,-2.1,-3.2,0.2,-4.4,-2.4,-2.1,-1.7,-1.8,-2.0
1918,-10.2,-2.7,0.6,-0.1,4.8,-3.2,-1.2,1.7,-4.2,1.7,0.3,3.1,-0.8,-7.8,1.8,-0.9,-0.7,-1.9,-2.4,-2.9,-5.6,-0.4
1919,3.9,2.9,2.5,-1.0,0.1,3.2,0.5,-2.2,0.0,2.1,-1.0,-5.9,0.4,3.3,0.5,0.5,0.4,1.2,1.3,1.2,2.5,0.3
1920,-8.4,-2.9,0.4,-2.8,-2.2,-0.7,-2.4,1.3,1.0,4.8,-2.7,2.0,-1.0,-5.7,-1.5,-0.6,1.0,-1.7,-1.6,-1.8,-3.6,-0.6
1921,2.5,2.6,8.3,6.0,0.9,1.0,4.1,-2.0,3.8,-0.2,-1.9,-1.6,2.0,2.4,5.1,1.0,0.6,2.3,2.2,2.6,2.5,1.6
1922,-3.6,1.7,1.5,0.7,2.5,1.4,-0.7,-0.9,1.4,0.5,0.1,-1.6,0.2,-1.2,1.6,-0.1,0.7,0.3,0.1,0.0,-0.8,0.7
1923,-2.0,-6.3,-4.4,-1.6,-2.1,1.4,-2.5,-2.2,0.8,-0.9,-0.4,7.7,-1.0,-3.3,-2.7,-1.1,-0.2,-1.8,-1.8,-1.7,-2.8,-0.9
1924,0.8,-4.3,-1.0,-2.4,-4.3,-2.2,-1.6,-0.5,-3.2,-0.2,-0.5,-2.8,-1.9,1.4,-2.6,-1.4,-1.3,-1.0,-1.0,-1.0,0.6,-2.4
1925,-4.4,6.7,3.2,1.4,-4.0,2.7,-2.1,-0.6,0.9,-7.2,-2.0,-0.6,-0.5,-0.2,0.2,0.0,-2.8,-0.7,-0.6,0.0,0.4,-0.6
1926,0.0,-2.0,-6.4,-5.4,-2.3,-4.0,-1.3,0.1,-0.9,-1.8,-1.3,-5.1,-2.5,-0.9,-4.7,-1.7,-1.3,-2.2,-2.2,-2.7,-2.2,-1.7
1927,-0.2,3.7,2.9,-1.2,-2.6,-4.1,-0.9,-4.3,0.4,2.6,3.5,1.7,0.1,-0.5,-0.3,-3.1,2.2,-0.4,-0.8,-1.2,0.0,-2.3
1928,1.8,0.1,-2.1,-3.1,-1.7,-2.7,0.2,2.5,-3.4,1.0,0.2,3.7,-0.3,1.2,-2.3,-0.0,-0.7,-0.5,-0.2,-0.0,1.0,-1.0
1929,-0.7,-0.8,3.9,0.7,-0.8,-0.1,-1.1,-2.8,1.5,-2.2,-0.8,-0.9,-0.3,0.7,1.3,-1.3,-0.5,0.0,0.1,0.4,1.3,-0.7
1930,1.0,3.6,-0.6,-1.6,1.5,2.9,-0.4,-0.7,3.1,-1.2,0.9,-0.3,0.7,1.2,-0.2,0.6,0.9,0.6,0.5,0.4,0.5,1.3
1931,0.4,1.7,0.6,0.8,0.7,0.2,2.6,0.4,3.7,2.8,6.2,4.7,2.1,0.6,0.7,1.1,4.2,1.7,1.2,0.9,0.7,1.5
1932,11.2,3.1,-4.2,-2.1,0.4,-0.1,-1.7,1.3,0.9,1.7,-2.7,3.2,0.9,6.3,-2.0,-0.2,-0.0,1.0,1.8,1.9,4.2,0.2
1933,9.1,3.3,-2.2,0.8,2.2,2.3,0.0,0.1,1.7,-1.4,-5.8,-3.5,0.6,5.2,0.3,0.8,-1.8,1.1,1.4,1.6,2.1,1.3
1934,1.7,-12.1,-3.1,0.3,2.1,2.7,1.6,-2.5,3.0,-2.5,2.6,-2.7,-0.7,-4.6,-0.2,0.6,1.0,-0.8,-1.5,-1.4,-4.6,1.4
1935,-3.3,-1.4,1.8,-1.5,-3.7,-0.4,2.3,0.9,-2.4,-0.2,2.3,-4.9,-0.9,-2.5,-1.1,0.9,-0.1,-0.7,-0.7,-0.9,-0.6,-0.7
1936,-2.6,-6.9,5.1,-2.5,2.4,0.5,-0.5,0.9,1.0,0.0,-4.5,2.5,-0.4,-4.8,1.7,0.3,-1.2,-1.0,-0.4,-0.5,-1.4,0.9
1937,8.3,3.8,-4.7,-1.0,1.6,1.0,0.9,4.2,-1.2,-1.9,-0.5,-1.7,0.7,4.9,-1.4,2.0,-1.2,1.1,0.8,0.9,1.1,1.3
1938,-0.4,3.5,2.7,2.4,-1.2,0.7,0.7,3.2,-2.5,1.7,1.4,1.3,1.1,0.5,1.3,1.5,0.2,0.9,0.7,0.4,0.7,0.2
1939,0.6,2.4,-3.0,-3.1,1.6,0.8,-0.2,3.3,0.7,-0.2,-3.5,1.2,0.1,1.4,-1.5,1.3,-1.0,0.1,0.5,0.6,0.5,1.2
1940,-7.5,-0.2,-5.3,-3.9,0.1,-0.7,-0.2,-1.4,-1.8,-3.8,-1.0,1.9,-2.0,-2.2,-3.0,-0.8,-2.2,-2.0,-2.2,-1.9,-3.1,-0.8
1941,-1.8,-0.5,-5.6,5.1,1.3,1.2,1.0,-1.9,1.6,1.7,2.2,3.3,0.6,-0.1,0.3,0.1,1.8,0.5,0.3,-0.2,-1.4,0.6
1942,-0.7,-2.4,3.4,3.3,3.7,1.3,-0.2,-0.4,0.6,1.4,-0.2,-4.2,0.5,0.1,3.5,0.2,0.6,1.1,1.3,1.3,1.2,1.0
1943,-2.2,1.4,-1.8,-5.5,0.3,4.0,0.6,0.1,-1.3,-0.9,-2.0,-3.9,-0.9,-1.7,-2.3,1.6,-1.4,-1.0,-0.8,-0.6,-1.4,0.7
1944,2.8,-0.1,-3.5,-3.3,5.6,1.1,0.9,2.8,1.2,-1.3,0.3,-3.7,0.2,-0.4,-0.4,1.6,0.1,0.2,0.0,0.1,-1.3,2.3
1945,-6.3,1.1,9.3,4.9,-3.0,-0.5,-0.3,0.0,2.8,-1.5,0.6,-4.8,0.2,-3.0,3.7,-0.3,0.6,0.3,0.3,0.3,0.1,-0.2
1946,0.9,-1.1,9.3,-0.9,-0.7,-0.8,-1.0,-2.9,1.8,3.6,3.1,1.8,1.1,-1.7,2.6,-1.6,2.8,0.5,0.3,-0.1,1.0,-0.7
1947,4.1,-2.0,-2.6,-1.0,-1.1,-1.3,0.3,3.9,1.2,6.3,-2.5,-2.4,0.2,1.3,-1.6,1.0,1.7,0.6,1.1,0.8,0.9,0.6
1948,-5.9,-2.8,0.4,1.6,-1.4,-1.1,0.4,1.2,1.0,-1.5,5.6,2.8,0.0,-3.7,0.2,0.2,1.7,-0.4,-1.1,-0.4,-2.6,0.0
1949,6.8,5.5,1.2,1.4,0.9,4.0,3.4,2.2,-2.2,4.4,-1.8,3.2,2.4,5.0,1.2,3.2,0.1,2.4,3.0,2.5,4.4,1.7
1950,8.8,-0.9,-5.0,-3.0,0.1,-0.3,-1.5,-0.7,-3.1,1.9,1.8,-0.6,-0.2,3.7,-2.6,-0.8,0.2,0.1,-0.2,0.0,0.9,-1.1
1951,3.8,3.5,1.1,1.2,0.8,-0.5,-0.1,-0.7,-0.2,1.9,-4.2,0.9,0.6,2.2,1.0,-0.4,-0.8,0.5,1.0,1.0,1.9,-0.1
1952,3.7,3.9,-0.3,2.7,-2.3,2.1,3.3,0.7,0.8,-3.3,1.5,3.1,1.3,2.8,0.0,2.0,-0.3,1.1,0.7,1.1,0.8,0.9
1953,6.3,5.5,2.5,0.5,2.3,1.3,0.4,-0.1,0.7,1.7,3.0,5.9,2.5,5.0,1.8,0.5,1.8,2.3,2.1,1.7,3.8,0.9
1954,-1.7,7.5,-0.1,2.5,-2.2,0.9,-1.5,-1.7,-0.5,3.4,0.2,0.3,0.6,3.9,0.1,-0.8,1.0,1.1,1.3,1.2,2.9,-1.0
1955,-1.1,1.7,0.0,3.5,3.0,-0.7,4.1,3.9,-0.7,1.6,-1.8,-5.5,0.7,0.3,2.2,2.4,-0.3,1.1,1.3,1.5,0.2,1.9
1956,2.1,3.1,-4.4,-2.6,-3.7,0.4,-2.7,-1.0,-3.4,1.1,0.9,4.5,-0.5,-0.1,-3.6,-1.1,-0.5,-1.3,-1.5,-1.5,-1.3,-2.1
1957,-5.1,4.8,1.3,2.4,0.2,3.0,-1.0,-2.3,1.0,-1.0,2.3,5.3,0.9,1.4,1.3,-0.1,0.8,0.8,0.7,0.9,1.3,0.2
1958,1.5,-4.6,1.0,2.0,-2.4,-4.4,0.0,-0.5,-0.4,-1.2,1.4,-8.3,-1.3,0.7,0.2,-1.6,-0.1,-0.2,-0.1,-0.1,1.1,-1.5
1959,-1.1,-1.9,-1.7,1.7,3.4,0.0,1.5,3.3,3.3,1.3,-0.7,2.9,1.0,-3.8,1.1,1.6,1.3,0.1,0.2,0.0,-2.3,2.3
1960,1.9,4.4,-8.1,3.0,1.6,0.0,-2.2,0.7,1.1,-1.1,2.5,-5.2,-0.1,3.1,-1.2,-0.5,0.8,0.6,0.3,0.5,0.1,0.2
1961,-5.9,2.1,0.3,-2.7,-2.6,-0.2,-0.4,0.7,6.3,2.7,1.6,0.6,0.2,-3.0,-1.7,0.0,3.5,-0.3,-0.2,-0.5,-1.2,0.8
1962,-0.8,-2.7,0.4,0.3,1.7,0.7,-3.4,-0.6,-3.1,-0.1,-2.7,-3.4,-1.1,-1.0,0.8,-1.1,-2.0,-0.8,-0.4,-0.2,-0.2,-0.9
1963,-1.9,-6.3,0.8,0.0,-1.4,0.7,0.4,-2.7,-3.9,4.5,4.2,-7.1,-1.1,-3.9,-0.2,-0.5,1.6,-0.8,-1.3,-1.7,-2.7,-1.4
1964,2.5,-0.9,1.3,-0.6,2.6,-0.4,0.9,-3.5,-1.2,-2.2,1.8,1.0,0.1,-1.8,1.1,-1.0,-0.5,-0.6,-0.4,0.2,0.0,-0.3
1965,-2.6,-0.4,-2.1,-2.6,2.9,-0.9,-2.7,-0.3,1.1,-2.1,-1.2,3.2,-0.6,-0.7,-0.6,-1.3,-0.7,-0.8,-0.6,-0.6,-0.5,0.0
1966,-1.0,0.7,1.8,-2.4,-3.3,0.7,0.6,0.6,-2.6,-1.6,2.8,1.0,-0.2,1.0,-1.3,0.6,-0.5,-0.0,-0.4,-0.4,0.7,-0.8
1967,5.5,-4.3,-3.2,-0.6,-6.8,2.5,-0.3,-0.3,-1.4,0.0,-3.6,2.1,-0.9,0.7,-3.5,0.6,-1.7,-1.0,-0.4,-0.6,0.4,-1.3
1968,-5.1,-4.1,2.5,3.6,-2.8,-1.1,0.7,-0.1,1.9,2.3,-0.8,-2.3,-0.4,-2.4,1.1,-0.2,1.1,-0.1,-0.3,-0.5,-1.6,-0.3
1969,0.1,1.2,-2.2,1.4,-0.4,0.6,-1.0,1.3,0.2,-0.8,0.4,-1.9,-0.1,-0.3,-0.4,0.3,-0.1,-0.1,-0.2,0.0,-0.8,0.1
1970,-7.7,0.0,-2.5,0.4,1.8,-0.2,0.6,1.4,1.6,2.7,2.4,-2.4,-0.2,-3.2,-0.1,0.6,2.2,-0.1,-0.3,-0.6,-2.3,1.0
1971,-5.2,1.4,-2.4,-2.5,-1.6,1.2,-1.1,-0.4,3.3,5.6,-1.4,3.3,0.0,-2.1,-2.2,-0.1,2.5,-0.5,-0.1,-0.4,-1.2,0.3
1972,2.0,-2.4,-3.0,-3.7,0.9,-2.1,0.0,-0.9,0.6,-4.3,-2.7,1.9,-1.1,1.0,-1.9,-1.0,-2.1,-1.0,-0.9,-0.1,-0.3,-0.3
1973,3.4,-0.7,6.9,1.6,-2.5,2.6,1.1,3.4,0.2,1.7,1.2,3.7,1.9,1.5,2.0,2.4,1.0,1.7,1.4,0.9,1.8,1.0
1974,3.2,-0.8,0.2,1.9,-2.6,-1.0,-0.7,0.7,-1.7,-4.3,1.0,3.2,-0.1,2.0,-0.2,-0.3,-1.7,-0.0,-0.0,0.5,1.5,-1.1
1975,4.1,2.2,-1.9,-4.8,4.1,0.6,1.3,1.2,-2.7,2.3,5.4,-0.6,0.9,3.2,-0.9,1.0,1.7,1.2,0.9,0.3,1.7,0.9
1976,-4.8,6.3,2.9,2.8,-1.6,3.2,-2.3,-0.9,-1.9,-4.1,-4.6,-6.1,-0.9,0.3,1.4,0.0,-3.5,-0.5,0.4,0.9,1.8,-0.7
1977,-8.9,0.7,6.1,1.8,2.8,-2.1,0.3,0.2,0.3,-1.4,3.0,-1.3,0.1,-4.8,3.6,-0.5,0.6,-0.3,-0.9,-1.1,-2.6,0.3
1978,-2.8,-6.9,-3.5,-1.8,0.7,-0.4,-1.1,1.6,-1.8,-1.9,0.4,1.1,-1.4,-3.7,-1.5,0.0,-1.1,-1.6,-1.3,-1.3,-2.3,-0.2
1979,0.0,-8.6,4.7,0.0,1.3,-0.8,0.3,-0.4,-0.5,-0.5,4.7,4.0,0.3,-2.5,2.0,-0.3,1.2,0.1,-0.3,-0.4,-0.5,-0.0
1980,1.7,-2.5,-1.3,1.6,1.3,-2.4,0.6,3.0,0.9,-2.9,-2.6,-4.7,-0.6,1.1,0.5,0.4,-1.5,0.1,0.7,0.9,1.3,0.7
1981,-6.9,7.7,0.7,3.2,0.9,0.9,0.3,-0.5,-1.3,-3.2,0.5,0.9,0.3,-1.3,1.6,0.2,-1.3,-0.2,-0.5,-0.4,-1.2,0.1
1982,-7.6,0.4,-0.8,-2.2,2.4,-2.6,0.0,-2.8,0.1,0.4,3.8,7.2,-0.1,-2.1,-0.2,-1.8,1.4,-0.7,-0.9,-1.2,-1.3,-0.6
1983,2.5,3.7,3.4,-0.1,-2.1,1.1,1.2,2.2,2.0,0.3,1.7,-2.1,1.2,4.5,0.4,1.5,1.3,1.9,2.1,2.1,4.1,0.9
1984,-3.3,8.7,-5.7,0.6,-2.0,1.2,-0.9,2.4,-2.4,3.5,0.2,6.5,0.7,1.1,-2.4,0.9,0.4,0.0,0.1,-0.1,-0.1,-0.3
1985,-4.0,2.3,2.2,2.6,1.4,-2.9,-0.6,-0.4,1.4,1.2,3.0,-2.9,0.3,1.6,2.1,-1.3,1.9,1.1,0.8,1.0,1.4,-0.2
1986,1.5,-0.2,2.4,3.5,2.7,-1.2,-0.6,-1.5,-1.2,0.1,-2.0,2.7,0.5,-0.5,2.9,-1.1,-1.0,0.0,0.5,0.6,0.8,-0.4
1987,-0.1,-0.7,3.2,3.4,1.4,1.8,1.7,-0.7,0.0,-2.8,1.1,4.1,1.0,0.6,2.7,0.9,-0.6,0.9,0.7,0.9,0.6,0.8
1988,-1.7,1.2,0.9,0.2,1.6,-0.8,2.8,3.3,-1.5,-4.1,2.4,-0.5,0.3,1.2,0.9,1.8,-1.1,0.7,0.6,0.7,1.1,1.1
1989,5.1,0.5,-0.5,-1.9,0.8,1.3,-0.1,-0.1,0.5,1.0,-0.8,-12.8,-0.6,1.7,-0.5,0.4,0.2,0.4,0.7,0.3,1.4,0.5
1990,9.3,5.5,3.4,2.0,-2.1,0.6,0.2,1.3,-0.6,3.1,3.2,6.1,2.7,0.7,1.1,0.7,1.9,1.1,0.8,0.6,0.9,-0.1
1991,0.9,6.2,3.7,3.8,5.4,2.0,0.7,2.4,-1.2,1.8,1.1,2.4,2.4,4.4,4.3,1.7,0.6,2.7,2.9,3.0,4.0,1.9
1992,2.2,3.2,-2.3,-0.9,-0.6,-1.6,-2.7,-1.7,-0.2,-3.3,0.0,2.3,-0.5,2.6,-1.3,-2.0,-1.2,-0.5,-0.4,0.1,1.3,-1.4
1993,4.1,-5.0,-2.5,1.2,1.2,-0.2,1.4,2.1,-0.6,-2.4,0.4,0.8,0.0,0.5,-0.0,1.1,-0.9,0.2,0.1,0.1,-0.2,0.8
1994,-8.2,-3.1,-0.7,2.5,-2.3,3.0,2.5,-1.2,-0.9,-0.1,4.9,5.6,0.2,-3.5,-0.2,1.4,1.3,-0.2,-0.6,-0.8,-2.2,0.2
1995,6.3,-1.9,3.9,-2.0,-0.8,2.1,2.4,2.7,-1.8,3.9,-3.0,-3.2,0.7,3.3,0.4,2.4,-0.3,1.4,2.1,1.8,3.8,0.9
1996,-0.7,1.1,-2.6,0.1,-1.7,1.7,-1.6,0.9,0.9,-0.3,-3.3,6.9,0.1,-0.9,-1.4,0.3,-0.9,-0.7,-0.7,-0.3,-1.7,0.0
1997,0.4,6.1,-0.2,-1.7,-4.1,0.6,-0.6,-0.8,-0.7,-0.7,-1.5,2.8,-0.0,4.5,-2.0,-0.3,-1.0,0.3,0.2,0.2,2.0,-1.1
1998,7.4,9.1,3.9,3.0,5.2,0.0,-0.1,2.0,2.5,1.2,1.9,7.6,3.6,6.4,4.0,0.6,1.9,3.2,3.0,2.8,4.3,1.9
1999,1.7,5.7,0.7,1.7,2.7,3.0,3.2,0.5,3.3,-1.4,5.6,4.5,2.6,5.0,1.7,2.2,2.5,2.9,2.5,2.8,3.5,2.5
2000,0.1,4.7,6.8,0.4,1.4,0.5,-3.1,-0.5,-0.7,0.8,0.5,-4.4,0.5,3.1,2.9,-1.0,0.2,1.3,1.7,1.5,4.3,-0.5
2001,1.3,3.5,-2.1,1.4,2.2,1.9,-2.2,3.8,0.5,1.9,6.0,8.5,2.2,0.1,0.5,1.2,2.8,1.2,0.7,0.6,-0.2,1.2
2002,8.3,7.2,2.3,3.2,-2.2,0.6,1.6,3.5,3.8,-1.5,-0.5,0.3,2.2,8.0,1.1,1.9,0.6,2.9,3.4,3.7,6.5,1.5
2003,-4.7,-2.5,0.6,-0.9,-1.2,-0.5,0.1,3.1,1.6,-1.3,4.4,2.7,0.1,-2.3,-0.5,0.9,1.6,-0.1,-0.5,-0.5,-1.4,0.6
2004,-6.3,1.5,3.6,1.6,4.1,-1.3,-0.8,0.4,2.3,0.3,2.5,1.5,0.8,-0.7,3.1,-0.6,1.7,0.9,1.0,0.9,1.2,0.9
2005,-0.4,3.7,-2.6,3.0,-3.6,4.2,2.3,3.7,4.1,2.1,3.6,-0.4,1.6,1.6,-1.1,3.4,3.3,1.8,1.7,1.6,0.9,2.1
2006,9.7,3.7,1.7,3.5,1.0,1.4,2.8,0.9,-0.6,-0.7,5.9,9.0,3.2,4.3,2.1,1.7,1.5,2.4,2.2,2.4,3.7,1.1
2007,5.4,-4.5,0.4,-1.5,1.9,1.8,-1.0,1.7,2.8,6.7,-0.2,1.2,1.2,3.3,0.3,0.8,3.1,1.9,2.4,1.8,3.2,1.4
2008,5.0,2.9,-0.7,4.4,-2.2,2.8,1.4,-0.8,1.8,-1.1,0.6,2.2,1.4,3.0,0.5,1.1,0.4,1.3,1.2,1.9,1.6,0.6
2009,-4.6,3.7,1.7,3.0,0.8,-1.0,-2.7,2.4,-0.4,-2.0,5.7,1.0,0.6,0.4,1.8,-0.4,1.1,0.7,0.3,0.4,0.7,-0.2
2010,2.6,3.4,7.3,6.2,3.8,2.5,3.5,2.4,2.7,0.9,1.8,-0.8,3.0,2.3,5.8,2.8,1.8,3.2,3.5,3.3,4.0,3.0
2011,-1.0,1.6,0.7,2.4,3.1,1.6,3.3,1.7,3.6,1.7,6.2,7.0,2.7,-0.1,2.1,2.2,3.8,2.0,1.6,1.6,0.5,2.7
2012,5.5,8.1,11.1,2.2,5.3,0.8,3.2,2.9,0.9,2.9,-0.7,6.7,4.1,6.9,6.2,2.3,1.0,4.1,4.7,4.6,7.6,2.6
2013,3.7,2.8,0.4,1.3,2.0,1.3,3.1,-0.1,0.0,2.8,-1.2,0.9,1.4,4.4,1.2,1.4,0.5,1.9,1.9,1.9,2.6,1.3
2014,-2.7,-1.5,-6.3,0.8,1.7,1.7,0.0,-0.5,1.3,3.2,-1.2,5.9,0.2,-1.1,-1.3,0.4,1.1,-0.2,-0.2,-0.2,-2.2,0.8
2015,-2.6,-10.4,-4.5,0.8,6.0,-0.2,0.1,2.1,5.8,-0.3,5.9,13.7,1.4,-2.4,0.8,0.7,3.8,0.7,0.1,0.4,-2.6,2.8
2016,3.4,5.6,6.5,-0.4,1.0,1.1,2.3,4.7,4.2,2.7,3.8,2.6,3.1,7.6,2.4,2.7,3.6,4.1,4.2,4.0,7.0,2.7
2017,7.6,8.9,-2.0,5.9,-0.3,1.0,0.4,-0.3,3.7,6.7,0.2,-1.5,2.5,6.4,1.2,0.4,3.5,2.9,3.2,2.8,4.2,0.9
2018,-0.3,8.3,-0.4,-3.2,5.2,0.2,2.6,4.6,4.6,0.3,-2.7,3.6,1.9,2.2,0.5,2.5,0.7,1.5,1.7,2.2,1.3,3.4
2019,0.6,3.1,-1.0,2.6,0.6,0.1,3.1,1.4,2.0,2.7,-2.8,3.3,1.3,2.4,0.7,1.5,0.6,1.3,1.3,1.1,0.7,1.4
2020,7.5,6.3,6.0,-1.3,-0.4,2.0,4.5,2.9,1.1,1.4,5.3,5.2,3.4,5.7,1.4,3.1,2.6,3.2,2.5,2.7,4.1,2.0
2021,5.0,1.5,4.3,,,,,,,,,,,3.9,,,,,,,4.3,